Epoch                    Trainacc                                Valacc                                 Trainloss                                               Valloss
1                         0.24166666                         0.26102942                         1.400330756107966                         1.3833184838294983
2                         0.26838234                         0.25220588                         1.3837108304103216                         1.38003768324852
3                         0.26642156                         0.30294117                         1.3849219222863516                         1.377688318490982
4                         0.28504902                         0.31911764                         1.3805944969256718                         1.3756828159093857
5                         0.29142156                         0.3720588                         1.377293559908867                         1.3729806780815124
6                         0.29240197                         0.38897058                         1.3755895425875981                         1.3716863065958023
7                         0.30514705                         0.4007353                         1.374368601044019                         1.3676592737436295
8                         0.30392158                         0.38602942                         1.3715891500314077                         1.3650807648897172
9                         0.3022059                         0.27794117                         1.3703556766112646                         1.3631043165922165
10                         0.325                         0.425                         1.366395836075147                         1.3548583060503006
11                         0.31862745                         0.4125                         1.3630644063154855                         1.3496377676725388
12                         0.3129902                         0.40588236                         1.3605224082867304                         1.3444688856601714
13                         0.32965687                         0.41470587                         1.3552322338024776                         1.337825310230255
14                         0.33970588                         0.4227941                         1.349887051184972                         1.3323528587818145
15                         0.3379902                         0.4227941                         1.3427522838115693                         1.3225970327854157
16                         0.3629902                         0.46764705                         1.3368672529856365                         1.3118324846029281
17                         0.34607843                         0.40294117                         1.3350188394387563                         1.3087118089199066
18                         0.34411764                         0.43235293                         1.3289702047904333                         1.2962361842393875
19                         0.35392156                         0.3852941                         1.323498871922493                         1.2958237528800964
20                         0.3762255                         0.46470588                         1.3129010210434595                         1.2861508876085281
21                         0.37034315                         0.46838236                         1.3072240630785623                         1.273612654209137
22                         0.3759804                         0.47941175                         1.3017634103695552                         1.2651233285665513
23                         0.37058824                         0.47279412                         1.2969351649284362                         1.2499343305826187
24                         0.37230393                         0.43676472                         1.289839447538058                         1.244540837407112
25                         0.39264706                         0.47720587                         1.277853363752365                         1.2352418303489685
26                         0.3985294                         0.34485295                         1.2753784338633218                         1.2882896393537522
27                         0.39387256                         0.4595588                         1.275668780008952                         1.260775163769722
28                         0.3875                         0.4639706                         1.269721868634224                         1.2415610253810883
29                         0.39191177                         0.50735295                         1.2694898506005605                         1.2169050872325897
30                         0.40539217                         0.5117647                         1.2563774704933166                         1.204104909300804
31                         0.4117647                         0.50514704                         1.2519176910320917                         1.1862156689167023
32                         0.40661764                         0.50661767                         1.255703236659368                         1.1848078161478042
33                         0.42156863                         0.5058824                         1.2421726991732915                         1.1751369267702103
34                         0.41715688                         0.51691175                         1.236154462893804                         1.1797929972410202
35                         0.42990196                         0.5272059                         1.229677719871203                         1.1562417328357697
36                         0.42794117                         0.53161764                         1.2252414256334305                         1.1553331732749939
37                         0.43308824                         0.40882352                         1.2192885046203932                         1.2941473454236985
38                         0.43137255                         0.525                         1.2203017234802247                         1.1565257877111434
39                         0.4404412                         0.54558825                         1.2040795554717383                         1.14092158973217
40                         0.4507353                         0.5529412                         1.1935596217711766                         1.137752401828766
41                         0.45147058                         0.5588235                         1.1982851336399714                         1.1239680141210555
42                         0.4497549                         0.54044116                         1.1925611197948456                         1.1172023564577103
43                         0.4612745                         0.5470588                         1.1782798354824384                         1.1173558995127677
44                         0.4625                         0.5757353                         1.1804738293091457                         1.093263989686966
45                         0.45588234                         0.5801471                         1.1703638851642608                         1.0805126070976256
46                         0.4752451                         0.5713235                         1.1679674416780472                         1.0735654652118682
47                         0.48602942                         0.5485294                         1.1527119502425194                         1.0817411094903946
48                         0.4852941                         0.56764704                         1.1496527497967084                         1.078590752184391
49                         0.49068627                         0.5647059                         1.133756297826767                         1.0617392897605895
50                         0.50171566                         0.55735296                         1.1367756893237433                         1.0812128141522408
51                         0.48578432                         0.61691177                         1.142691321671009                         1.0433242276310921
52                         0.5026961                         0.60294116                         1.1309075211485227                         1.034279142320156
53                         0.5115196                         0.5977941                         1.1163152794043223                         1.0237784191966057
54                         0.5107843                         0.57867646                         1.1087166607379912                         1.033998228609562
55                         0.5122549                         0.56102943                         1.1108264163136483                         1.0401377931237221
56                         0.5056372                         0.6102941                         1.0957140818238258                         1.014991669356823
57                         0.5210784                         0.6036765                         1.082443824907144                         0.9856767490506172
58                         0.5294118                         0.6007353                         1.0803877691427866                         0.9863960102200509
59                         0.5370098                         0.63235295                         1.0648741429050763                         0.9630651772022247
60                         0.54093134                         0.61764705                         1.0706729446848233                         0.9581746503710746
61                         0.54338235                         0.6404412                         1.0606425245602926                         0.9596456870436668
62                         0.55759805                         0.64705884                         1.0521352296074231                         0.9323968604207039
63                         0.54019606                         0.63308823                         1.0530146370331446                         0.9310287415981293
64                         0.5441176                         0.62941176                         1.0347595771153768                         0.933540378510952
65                         0.5529412                         0.6573529                         1.0333263610800107                         0.9225128129124641
66                         0.564951                         0.65294117                         1.0283381804823875                         0.9085033550858498
67                         0.56666666                         0.6455882                         1.0152653435866037                         0.909895832836628
68                         0.5637255                         0.6610294                         1.00381544282039                         0.8975334465503693
69                         0.5757353                         0.65955883                         0.9987810497482618                         0.8924138903617859
70                         0.58112746                         0.6698529                         0.9988518377145131                         0.8843081220984459
71                         0.5776961                         0.6639706                         0.9926501641670863                         0.8748553678393364
72                         0.5870098                         0.6669118                         0.9833458339174589                         0.871948991715908
73                         0.58431375                         0.6727941                         0.9831738069653511                         0.8679372787475585
74                         0.59362745                         0.66544116                         0.9613970811168353                         0.8624151408672333
75                         0.59093136                         0.67058825                         0.9606099059184392                         0.8503482595086098
76                         0.5995098                         0.65661764                         0.9569167877237003                         0.8532056599855423
77                         0.6019608                         0.65661764                         0.94586554368337                         0.857574999332428
78                         0.60637254                         0.6786765                         0.9381189172466596                         0.8337113380432128
79                         0.60784316                         0.6845588                         0.9344767848650615                         0.8176870331168175
80                         0.6105392                         0.6691176                         0.9293357049425442                         0.8227848336100578
81                         0.6019608                         0.6735294                         0.9346858352422714                         0.825954332947731
82                         0.6110294                         0.6691176                         0.9215026661753655                         0.8232546120882034
83                         0.6164216                         0.68308824                         0.910552287598451                         0.8035016566514969
84                         0.6017157                         0.6845588                         0.9123847325642903                         0.8059488847851753
85                         0.61151963                         0.6867647                         0.9076319004098574                         0.7936114877462387
86                         0.6129902                         0.6904412                         0.9004923686385155                         0.7907076939940453
87                         0.6272059                         0.6845588                         0.8868501350283623                         0.7909865766763687
88                         0.62034315                         0.69264704                         0.8970053782065709                         0.7771597161889077
89                         0.6357843                         0.6875                         0.8686363915602366                         0.7859050929546356
90                         0.6259804                         0.6985294                         0.8699717541535695                         0.7634427428245545
91                         0.6240196                         0.6985294                         0.8794634694854419                         0.7690784856677055
92                         0.6370098                         0.7029412                         0.8633398388822874                         0.756565423309803
93                         0.6379902                         0.6933824                         0.8577758590380351                         0.7623619958758354
94                         0.64387256                         0.7080882                         0.8467821647723516                         0.755693256855011
95                         0.6397059                         0.69191176                         0.8466306914885838                         0.7506919637322426
96                         0.6433824                         0.7007353                         0.842398809393247                         0.7368130758404732
97                         0.64436275                         0.7088235                         0.846908741692702                         0.7406540662050247
98                         0.65                         0.71617645                         0.8272391984860102                         0.7331468611955643
99                         0.64142156                         0.7139706                         0.8299126505851746                         0.7306663885712623
100                         0.6504902                         0.69485295                         0.8152902866403262                         0.7400244489312172
101                         0.65563726                         0.71544117                         0.8212575256824494                         0.719270433485508
102                         0.6458333                         0.7080882                         0.8262886484464009                         0.7237802103161812
103                         0.6507353                         0.72132355                         0.8194985369841258                         0.7094286680221558
104                         0.66568625                         0.71544117                         0.7950710619489352                         0.7075777158141137
105                         0.65906864                         0.71544117                         0.8077846666177114                         0.7004102185368538
106                         0.6622549                         0.7257353                         0.7928165550033252                         0.702997787296772
107                         0.672549                         0.72205883                         0.7883716645340125                         0.6977188631892204
108                         0.66764706                         0.7323529                         0.7907542993625005                         0.6823122754693032
109                         0.67156863                         0.70367646                         0.7792153974374135                         0.7370872244238853
110                         0.67720586                         0.7058824                         0.7752862989902496                         0.7025099866092205
111                         0.6813725                         0.7294118                         0.7723560507098833                         0.6699894353747368
112                         0.68063724                         0.7360294                         0.7674786890546481                         0.680229514837265
113                         0.6737745                         0.72794116                         0.7747337614496549                         0.6752487525343895
114                         0.67745095                         0.7286765                         0.757421234746774                         0.6893940761685371
115                         0.7051471                         0.73308825                         0.7287474398811659                         0.664075180143118
116                         0.68284315                         0.73088235                         0.7517664551734924                         0.6755780518054962
117                         0.6958333                         0.73382354                         0.7377752232054869                         0.645381623506546
118                         0.6894608                         0.7264706                         0.7493286304175854                         0.7023189783096313
119                         0.6762255                         0.74338233                         0.7477874582012495                         0.6530585870146751
120                         0.6987745                         0.7389706                         0.7213494415084521                         0.6459185391664505
121                         0.7031863                         0.7286765                         0.7206738648315271                         0.6639190681278706
122                         0.69558823                         0.75147057                         0.7119430494805177                         0.6325141750276089
123                         0.70343137                         0.74558824                         0.7126475545267265                         0.6336425885558128
124                         0.7085784                         0.74191177                         0.7004284076392651                         0.6240774624049663
125                         0.7120098                         0.7463235                         0.6954855168859164                         0.6211249969899655
126                         0.7139706                         0.74338233                         0.6932541524370511                         0.6237828597426415
127                         0.7137255                         0.74852943                         0.7011449875930945                         0.6245861478149891
128                         0.7117647                         0.7235294                         0.7017947634061178                         0.6640071921050549
129                         0.714951                         0.7470588                         0.6870818028847376                         0.6106475748121738
130                         0.70759803                         0.7382353                         0.714326315621535                         0.6252801015973091
131                         0.7120098                         0.75147057                         0.6787342846393585                         0.6096663661301136
132                         0.7262255                         0.75441176                         0.6785963627199332                         0.6172450162470341
133                         0.71960783                         0.74191177                         0.6942385241389275                         0.6228107169270516
134                         0.71642154                         0.75661767                         0.676735594123602                         0.6019802004098892
135                         0.73063725                         0.7536765                         0.6660573755701383                         0.6035690866410732
136                         0.7323529                         0.7625                         0.6577883052329222                         0.5818677403032779
137                         0.714951                         0.75808823                         0.6761422385772069                         0.5892917811870575
138                         0.7291667                         0.75441176                         0.6631600258251031                         0.6077820338308811
139                         0.7404412                         0.7654412                         0.6511613962550958                         0.5748595006763935
140                         0.7357843                         0.75147057                         0.6398014361659686                         0.6001536272466182
141                         0.7404412                         0.7470588                         0.6361560965577762                         0.6232962623238564
142                         0.74558824                         0.74191177                         0.6306359983980656                         0.5957134969532489
143                         0.7323529                         0.7676471                         0.6460164782901605                         0.5800945699214936
144                         0.7375                         0.7705882                         0.6476140014827252                         0.5683196909725666
145                         0.7504902                         0.74338233                         0.6279540789624055                         0.6170943319797516
146                         0.74019605                         0.75808823                         0.6336513089636961                         0.5704108737409115
147                         0.7318627                         0.7647059                         0.62581336175402                         0.5619466885924339
148                         0.7372549                         0.7522059                         0.6344934878249963                         0.5887111030519009
149                         0.74485296                         0.7463235                         0.6290079466998577                         0.6175607368350029
150                         0.7345588                         0.775                         0.6286247342824935                         0.547954274713993
151                         0.75465685                         0.775                         0.6119437637428443                         0.5468417756259442
152                         0.7502451                         0.78455883                         0.6031764760613442                         0.5617200195789337
153                         0.75808823                         0.7764706                         0.6030577952663104                         0.5556509718298912
154                         0.75392157                         0.76985294                         0.6115809947252273                         0.5731300950050354
155                         0.7534314                         0.7860294                         0.6064165706435839                         0.5370649859309197
156                         0.75759804                         0.7889706                         0.6001277272899945                         0.5498075462877751
157                         0.75171566                         0.7654412                         0.5987414675454299                         0.540859205275774
158                         0.7705882                         0.78382355                         0.5726399165888627                         0.5415394805371762
159                         0.75661767                         0.7772059                         0.5855688025554021                         0.532218637317419
160                         0.76642156                         0.78088236                         0.5871029359598955                         0.5517289720475673
161                         0.7644608                         0.7860294                         0.5839771444598834                         0.5303047135472297
162                         0.76887256                         0.7948529                         0.5821470152586699                         0.5210986822843552
163                         0.7735294                         0.79632354                         0.5723039338986079                         0.5150263532996178
164                         0.76642156                         0.7889706                         0.5812853063146274                         0.5169940244406461
165                         0.77156866                         0.79558825                         0.564261965205272                         0.523776987940073
166                         0.76348037                         0.7919118                         0.5851679881413777                         0.5131191425025463
167                         0.76985294                         0.78455883                         0.565265451123317                         0.5207431867718697
168                         0.76985294                         0.8                         0.5791000505288442                         0.5171585522592068
169                         0.76960784                         0.79264706                         0.5646841714779536                         0.5100565977394581
170                         0.7745098                         0.7889706                         0.5532987641791502                         0.5157815389335155
171                         0.7742647                         0.7919118                         0.5508874448637168                         0.5256014704704285
172                         0.775                         0.7911765                         0.5433550655841828                         0.5021111324429512
173                         0.78161764                         0.7919118                         0.5468945778906346                         0.505674697458744
174                         0.777451                         0.79632354                         0.556371272355318                         0.5000555470585824
175                         0.78382355                         0.7911765                         0.5440964758396148                         0.5150404438376427
176                         0.78161764                         0.7764706                         0.538346995289127                         0.5531367547810078
177                         0.7884804                         0.7889706                         0.5359426461160183                         0.5078948959708214
178                         0.7801471                         0.7911765                         0.5392176967114211                         0.5239963687956333
179                         0.7823529                         0.8                         0.5278681094447771                         0.4973005846142769
180                         0.7870098                         0.8132353                         0.5246599351366361                         0.4838660717010498
181                         0.7973039                         0.7992647                         0.5114723615348339                         0.48966568559408186
182                         0.797549                         0.7977941                         0.5074606036146482                         0.49440096989274024
183                         0.7941176                         0.78455883                         0.5192185290157795                         0.5445615783333778
184                         0.79558825                         0.8088235                         0.5117499449600776                         0.4852257490158081
185                         0.7977941                         0.8154412                         0.5144105029602846                         0.4834546439349651
186                         0.79509807                         0.81691176                         0.511641584833463                         0.47738036066293715
187                         0.79901963                         0.82058823                         0.5063190884888172                         0.4712202467024326
188                         0.79901963                         0.8095588                         0.5156214162707329                         0.48242398649454116
189                         0.80539215                         0.8125                         0.5006982492903869                         0.4814169228076935
190                         0.79901963                         0.81691176                         0.5012677167852719                         0.46032778955996034
191                         0.80269605                         0.8242647                         0.49872501430412136                         0.4765375882387161
192                         0.80563724                         0.8095588                         0.49574851989746094                         0.47050827369093895
193                         0.7968137                         0.81764704                         0.4910798275222381                         0.4669502697885036
194                         0.8134804                         0.8213235                         0.47884732360641163                         0.4643957458436489
195                         0.8088235                         0.81911767                         0.48644567814966044                         0.47378491759300234
196                         0.80833334                         0.8147059                         0.4802886970341206                         0.4853277146816254
197                         0.8036765                         0.8161765                         0.49098614398390056                         0.464846707880497
198                         0.80588233                         0.8213235                         0.4791844539344311                         0.4617126140743494
199                         0.8210784                         0.8264706                         0.46540318094193933                         0.45712523013353346
200                         0.8012255                         0.82941175                         0.4928517289459705                         0.45412521362304686
201                         0.8147059                         0.8272059                         0.4645120739936829                         0.44854462519288063
202                         0.81397057                         0.8154412                         0.4744236906369527                         0.4459325335919857
203                         0.8147059                         0.825                         0.46198585629463196                         0.4466200191527605
204                         0.8159314                         0.8272059                         0.45550213431318604                         0.4397516302764416
205                         0.8267157                         0.8242647                         0.44303606959680714                         0.43667871616780757
206                         0.8151961                         0.8154412                         0.45743828179935614                         0.45334191992878914
207                         0.814951                         0.81397057                         0.46407334034641584                         0.4576455891132355
208                         0.8129902                         0.82867646                         0.4540739924957355                         0.44809635952115057
209                         0.8240196                         0.8360294                         0.44773289014895756                         0.43956903629004956
210                         0.8181372                         0.8161765                         0.45277677762011687                         0.4479218654334545
211                         0.8262255                         0.8367647                         0.44754116411010425                         0.44032503962516784
212                         0.8254902                         0.80588233                         0.4369568591316541                         0.4675337500870228
213                         0.8252451                         0.8389706                         0.4391679837057988                         0.4240087002515793
214                         0.825                         0.82867646                         0.4390697826941808                         0.43234848156571387
215                         0.83186275                         0.8330882                         0.43166497983038427                         0.42872186936438084
216                         0.827451                         0.8301471                         0.43159833885729315                         0.42733048275113106
217                         0.83186275                         0.8279412                         0.42232687609891095                         0.44049353897571564
218                         0.82990193                         0.81985295                         0.4337394335617622                         0.4575775247067213
219                         0.8379902                         0.8352941                         0.4230914340664943                         0.4205511432141066
220                         0.8370098                         0.8389706                         0.41822725161910057                         0.43045377768576143
221                         0.84166664                         0.8360294                         0.40895974275966485                         0.42977108582854273
222                         0.8333333                         0.8397059                         0.4242329283306996                         0.41177199929952624
223                         0.85343134                         0.84044117                         0.39013011008501053                         0.4128788635134697
224                         0.84068626                         0.8360294                         0.3999688562005758                         0.42838643305003643
225                         0.8352941                         0.83161765                         0.4036036219447851                         0.4320074528455734
226                         0.8357843                         0.8272059                         0.4044420833388964                         0.4334687516093254
227                         0.84313726                         0.8330882                         0.4034989595413208                         0.4235156703740358
228                         0.84460783                         0.8367647                         0.4037614992509286                         0.41270073056221007
229                         0.8377451                         0.83161765                         0.4047436813513438                         0.42961567677557466
230                         0.84656864                         0.8448529                         0.394035322094957                         0.409100741520524
231                         0.845098                         0.8419118                         0.39687561312069497                         0.4064928736537695
232                         0.839951                         0.8492647                         0.3891962394118309                         0.39835133627057073
233                         0.8477941                         0.84117645                         0.39239379291733106                         0.4107895951718092
234                         0.8522059                         0.8360294                         0.3795411974191666                         0.4241520144045353
235                         0.8448529                         0.8389706                         0.39480716350177925                         0.4111162696033716
236                         0.85539216                         0.8485294                         0.3664381147672733                         0.3971276987344027
237                         0.8473039                         0.8419118                         0.39433633101483184                         0.4083006214350462
238                         0.8612745                         0.8382353                         0.3677652339140574                         0.4072829507291317
239                         0.85490197                         0.84632355                         0.3681799457718929                         0.4062490526586771
240                         0.8571078                         0.84411764                         0.3741206950197617                         0.4069445293396711
241                         0.8595588                         0.84117645                         0.36734025850892066                         0.3898127540946007
242                         0.85784316                         0.8507353                         0.3707334587971369                         0.3918296553194523
243                         0.85318625                         0.8330882                         0.3697642297794422                         0.4379692070186138
244                         0.85294116                         0.84632355                         0.36772699194649855                         0.401277307793498
245                         0.85857844                         0.8522059                         0.36359093176821866                         0.39674994386732576
246                         0.8622549                         0.8367647                         0.3623683414111535                         0.4091622743755579
247                         0.8573529                         0.8455882                         0.3615943898136417                         0.39844900630414487
248                         0.86495095                         0.8455882                         0.36011239600678285                         0.39542891532182695
249                         0.8620098                         0.85514706                         0.3542514273275932                         0.3831917989999056
250                         0.8573529                         0.83455884                         0.3630603138357401                         0.4361909169703722
251                         0.86691177                         0.85588235                         0.35901849791407586                         0.3838420234620571
252                         0.8656863                         0.85588235                         0.33881601380805176                         0.38473158068954944
253                         0.8642157                         0.8419118                         0.35522945392876865                         0.40379299148917197
254                         0.87058824                         0.8492647                         0.3377439536775152                         0.39573587514460085
255                         0.86495095                         0.8477941                         0.3416783954948187                         0.38830462396144866
256                         0.875                         0.80441177                         0.3305225608870387                         0.5142428509891033
257                         0.8654412                         0.8522059                         0.3431461510558923                         0.38104159124195575
258                         0.87107843                         0.8522059                         0.3321389162292083                         0.40482247024774554
259                         0.86960787                         0.8522059                         0.32932789754122493                         0.3743957597762346
260                         0.8664216                         0.85                         0.3321994223321478                         0.3837172441184521
261                         0.87009805                         0.85808825                         0.32907806256165106                         0.37239115945994855
262                         0.8727941                         0.8639706                         0.3287352486823996                         0.3667073491960764
263                         0.877451                         0.85882354                         0.3184916406869888                         0.37160623669624326
264                         0.87328434                         0.84705883                         0.330957937737306                         0.4011148024350405
265                         0.88259804                         0.8507353                         0.3095087977126241                         0.3988407837226987
266                         0.88480395                         0.85294116                         0.3173273370911678                         0.37693244852125646
267                         0.88014704                         0.8595588                         0.3218050355091691                         0.3712646998465061
268                         0.87916666                         0.84117645                         0.3125902226815621                         0.4024815198034048
269                         0.88235295                         0.84632355                         0.31013818892339867                         0.383874686062336
270                         0.8727941                         0.8573529                         0.31361595168709755                         0.3671309038996696
271                         0.88504905                         0.85588235                         0.30280603586385646                         0.37938883900642395
272                         0.8808824                         0.85588235                         0.31320397468904654                         0.36152528449892996
273                         0.8862745                         0.8625                         0.2998848656192422                         0.36657301671803
274                         0.8875                         0.85882354                         0.2973967910433809                         0.36914283856749536
275                         0.8928922                         0.8654412                         0.29430871531367303                         0.3616103196516633
276                         0.88504905                         0.8661765                         0.29729140729953846                         0.35273127984255553
277                         0.8762255                         0.8602941                         0.31623959075659513                         0.3640895619988441
278                         0.8875                         0.8566176                         0.3184981670230627                         0.36496115289628506
279                         0.8892157                         0.8602941                         0.29726307379702727                         0.3719455175101757
280                         0.88210785                         0.85588235                         0.2952075906097889                         0.37444804422557354
281                         0.8877451                         0.8485294                         0.2898028693472346                         0.37857518140226604
282                         0.8860294                         0.8573529                         0.29269875201086204                         0.3782042371109128
283                         0.8882353                         0.8595588                         0.28944307963053384                         0.3607338756322861
284                         0.88848037                         0.8617647                         0.2984495143716534                         0.3559397183358669
285                         0.89142156                         0.8544118                         0.2881370475515723                         0.3658595997840166
286                         0.88235295                         0.8610294                         0.30984042392422756                         0.3622096661478281
287                         0.8870098                         0.8610294                         0.2981603903075059                         0.37136401161551474
288                         0.8889706                         0.84117645                         0.284239761531353                         0.40959593579173087
289                         0.8997549                         0.8602941                         0.27094531084100404                         0.3709867104887962
290                         0.89436275                         0.8485294                         0.2804083051159978                         0.4007822498679161
291                         0.9017157                         0.8536765                         0.270078509238859                         0.37923465073108675
292                         0.89191175                         0.8632353                         0.29706186608721813                         0.35942366570234296
293                         0.9                         0.8507353                         0.2538068805510799                         0.409958446957171
294                         0.9002451                         0.86838233                         0.2710473626231154                         0.35173177123069765
295                         0.89681375                         0.85882354                         0.2722555528705319                         0.37307437770068647
296                         0.89387256                         0.8661765                         0.28169852383434774                         0.3582563430070877
297                         0.9009804                         0.86764705                         0.2600022120401263                         0.3733638197183609
298                         0.90367645                         0.8595588                         0.2600321426366766                         0.3656148914247751
299                         0.9044118                         0.86691177                         0.2541035749639074                         0.3521817021071911
300                         0.8931373                         0.8595588                         0.2683143251265089                         0.3860011262819171
301                         0.90661764                         0.8691176                         0.2523060912266374                         0.36173028461635115
302                         0.90343136                         0.8617647                         0.25155871026217935                         0.35753585360944273
303                         0.9014706                         0.85514706                         0.2623569551234444                         0.359380404278636
304                         0.8985294                         0.86838233                         0.2556819445143143                         0.3522557601332664
305                         0.9019608                         0.8602941                         0.2676926222940286                         0.3637232784181833
306                         0.9078431                         0.85808825                         0.24744987872739632                         0.3807171232998371
307                         0.90392154                         0.8639706                         0.2575253350039323                         0.3560571774840355
308                         0.91495097                         0.86470586                         0.2232944640641411                         0.3571750931441784
309                         0.90612745                         0.8617647                         0.24772658081104357                         0.37275783307850363
310                         0.9134804                         0.8610294                         0.23433315524210532                         0.35585659127682445
311                         0.910049                         0.8713235                         0.23802037875478466                         0.35561122465878725
312                         0.910049                         0.8367647                         0.24339369998003046                         0.4302402219735086
313                         0.90588236                         0.8617647                         0.24462815169245006                         0.3643746765330434
314                         0.9051471                         0.86764705                         0.2541524497792125                         0.37031051740050314
315                         0.9115196                         0.8772059                         0.23242533237983784                         0.347470910474658
316                         0.9073529                         0.86764705                         0.2375785947156449                         0.36589615549892185
317                         0.9129902                         0.8639706                         0.23401533054808776                         0.3661150271072984
318                         0.9132353                         0.8757353                         0.23654772307102878                         0.3535487685352564
319                         0.91740197                         0.8492647                         0.22631427062054474                         0.3877882037311792
320                         0.91495097                         0.8625                         0.24200362100576361                         0.36454321816563606
321                         0.9105392                         0.8617647                         0.228845187711219                         0.3688599858433008
322                         0.9171569                         0.86691177                         0.22193288340543707                         0.36557626761496065
323                         0.9218137                         0.85808825                         0.21508133225142956                         0.3778589856810868
324                         0.91519606                         0.8742647                         0.22371056396514177                         0.36275090724229814
325                         0.90882355                         0.8632353                         0.237599455875655                         0.3572409596294165
326                         0.91862744                         0.8727941                         0.23166005282352367                         0.3549940465018153
327                         0.92401963                         0.86838233                         0.20934128612279893                         0.3517231488600373
328                         0.9232843                         0.86985296                         0.21549249294524392                         0.3643122183158994
329                         0.9161765                         0.8720588                         0.21546229105442763                         0.3616768855601549
330                         0.9237745                         0.8352941                         0.215037084898601                         0.4701489921659231
331                         0.9227941                         0.8713235                         0.2104814797329406                         0.3498872330412269
332                         0.922549                         0.8654412                         0.2168702686826388                         0.35610562544316055
333                         0.9171569                         0.8617647                         0.22555312340458233                         0.39738401044160127
334                         0.91813725                         0.86691177                         0.21009846677382787                         0.36593919768929484
335                         0.9198529                         0.8639706                         0.21385116738577684                         0.3870347525924444
336                         0.92107844                         0.86470586                         0.1937219937176754                         0.34900091160088775
337                         0.92720586                         0.86764705                         0.2104178650925557                         0.3510133409872651
338                         0.9235294                         0.86470586                         0.21027008310581247                         0.3599417839199305
339                         0.9245098                         0.86985296                         0.20917146299034356                         0.38524193987250327
340                         0.9311274                         0.875                         0.19401977248489857                         0.35695347413420675
341                         0.92156863                         0.8727941                         0.19862909195944667                         0.3655334972776473
342                         0.9291667                         0.88014704                         0.20148843272278708                         0.35605927631258966
343                         0.925                         0.8661765                         0.20047446712851524                         0.37684452533721924
344                         0.9247549                         0.87058824                         0.1958222650612394                         0.34973407313227656
345                         0.9259804                         0.8625                         0.20400330390160282                         0.37276422753930094
346                         0.93210787                         0.8742647                         0.18595407370788355                         0.36231840401887894
347                         0.9247549                         0.86985296                         0.2047648238328596                         0.3566603122279048
348                         0.93284315                         0.8727941                         0.18780961595475673                         0.3735457666218281
349                         0.92965686                         0.88235295                         0.1929028259590268                         0.34245933778584003
350                         0.9284314                         0.88235295                         0.19611515691503884                         0.34755179323256014
351                         0.9343137                         0.86470586                         0.18191779488697649                         0.34871500730514526
352                         0.9242647                         0.86691177                         0.2008957735573252                         0.35380098782479763
353                         0.9242647                         0.8742647                         0.1960567240913709                         0.3458298292011023
354                         0.9291667                         0.87058824                         0.18375574747721354                         0.36050479374825956
355                         0.9313725                         0.87058824                         0.1887614774517715                         0.38303599916398523
356                         0.93039215                         0.87058824                         0.18803084522175292                         0.36547659486532214
357                         0.92965686                         0.875                         0.1878707295904557                         0.36760153658688066
358                         0.9291667                         0.88014704                         0.19332652219260732                         0.3688691851682961
359                         0.9352941                         0.8742647                         0.17819481555682917                         0.3660091219469905
360                         0.9220588                         0.8845588                         0.20431839289764564                         0.33212258461862804
361                         0.93333334                         0.8757353                         0.17566294500914711                         0.36268595717847346
362                         0.93235296                         0.85588235                         0.18117976162272195                         0.44148719869554043
363                         0.9377451                         0.8757353                         0.16592254259934028                         0.3497946696355939
364                         0.94142157                         0.8757353                         0.16676561776548623                         0.37472600024193525
365                         0.92990196                         0.86838233                         0.18212624049435058                         0.3720939788967371
366                         0.9348039                         0.86985296                         0.18635860818127792                         0.3441868767142296
367                         0.9370098                         0.87352943                         0.17230961732566358                         0.3835273807868361
368                         0.9338235                         0.8779412                         0.17438241348912317                         0.3761848954483867
369                         0.9362745                         0.88529414                         0.17719367196162542                         0.35898336824029686
370                         0.9394608                         0.875                         0.17186925141140819                         0.3598123135045171
371                         0.9375                         0.8779412                         0.17323321212703982                         0.36754459887742996
372                         0.9372549                         0.8757353                         0.17800520121430358                         0.35215105935931207
373                         0.93897057                         0.8654412                         0.16203915141522884                         0.3850559826940298
374                         0.9345588                         0.88014704                         0.18356143916025758                         0.35717063769698143
375                         0.93284315                         0.8727941                         0.17380241338784497                         0.36149033084511756
376                         0.9401961                         0.8808824                         0.1655748095208158                         0.36303892992436887
377                         0.94264704                         0.87941176                         0.15918733263388277                         0.36430124621838333
378                         0.93921566                         0.8772059                         0.16405676575377584                         0.3647106481716037
379                         0.9436275                         0.8757353                         0.16183838595946629                         0.37271896600723264
380                         0.939951                         0.8772059                         0.15539996391162275                         0.35807192623615264
381                         0.94240195                         0.8772059                         0.15481015893941125                         0.3727886874228716
382                         0.9394608                         0.8808824                         0.16651153680868447                         0.33547397516667843
383                         0.9431372                         0.87647057                         0.15661272681318222                         0.35950917564332485
384                         0.94240195                         0.8757353                         0.16607567473935583                         0.3668305590748787
385                         0.9340686                         0.8838235                         0.17969813458621503                         0.35735937068238854
386                         0.94142157                         0.88235295                         0.15967620344211658                         0.3580311084166169
387                         0.93921566                         0.88529414                         0.16278574021222691                         0.3585422743111849
388                         0.9465686                         0.8742647                         0.15341201677607993                         0.3696159230545163
389                         0.94436276                         0.8772059                         0.15879086926579475                         0.3642293741926551
390                         0.9502451                         0.88014704                         0.14662220423730712                         0.3530770463868976
391                         0.9487745                         0.87647057                         0.14312070867357155                         0.3599163511767983
392                         0.9468137                         0.87941176                         0.13993271586174766                         0.3720871498808265
393                         0.94730395                         0.8860294                         0.14278642496404548                         0.3516798297874629
394                         0.9470588                         0.8845588                         0.14930482022464275                         0.34962114989757537
395                         0.952451                         0.8772059                         0.14494827693949144                         0.37666399478912355
396                         0.9504902                         0.8779412                         0.14403438943748673                         0.37051606401801107
397                         0.9409314                         0.88161767                         0.1536279095336795                         0.3639795780181885
398                         0.95098037                         0.8808824                         0.14734801488618057                         0.35707722064107655
399                         0.9460784                         0.88235295                         0.15334771672884623                         0.345882230065763
400                         0.9497549                         0.88161767                         0.13841470034482578                         0.37115415884181857
401                         0.9487745                         0.88014704                         0.14056760077364744                         0.39448282290250064
402                         0.94534314                         0.8808824                         0.14694094335039457                         0.3741450492292643
403                         0.9492647                         0.88308823                         0.1402307404205203                         0.36983425375074147
404                         0.9463235                         0.87352943                         0.14776626486952107                         0.4211825155187398
405                         0.9401961                         0.8772059                         0.15101769043443103                         0.37827904652804134
406                         0.9406863                         0.8838235                         0.15428551739702623                         0.37612451873719693
407                         0.9490196                         0.88308823                         0.14022656120359897                         0.37871262999251487
408                         0.9411765                         0.88235295                         0.14907244965434074                         0.35830895267426965
409                         0.94754905                         0.8845588                         0.14512220538842183                         0.3625326270237565
410                         0.9411765                         0.8786765                         0.15883460063487292                         0.3473132483661175
411                         0.94730395                         0.88014704                         0.14034133333091933                         0.368827953748405
412                         0.9519608                         0.8691176                         0.14257963195753595                         0.36424448657780883
413                         0.9612745                         0.8838235                         0.11607514686572055                         0.37955955918878315
414                         0.95392156                         0.8808824                         0.13754848519650598                         0.35859156455844643
415                         0.9514706                         0.88014704                         0.1303911181166768                         0.3726155910640955
416                         0.9529412                         0.8838235                         0.12648157156072556                         0.3883240188471973
417                         0.9556373                         0.8772059                         0.12633980225461225                         0.40482105389237405
418                         0.9490196                         0.88161767                         0.13976689092814923                         0.40441226921975615
419                         0.95612746                         0.88529414                         0.11637388582651814                         0.38106001727283
420                         0.9487745                         0.88161767                         0.14416552969875435                         0.35465291794389486